0,437
0,434
1460,3
1460,2
1460,1
1460,0
1459,5
1459,4
1459,3
1459,2
1459,1
1459,0
1458,4
1458,3
1458,2
1458,1
1458,0
1457,4
1457,3
1457,2
1457,1
1457,0
1456,4
1456,3
1456,2
1456,1
1456,0
1455,3
1455,2
1455,1
1455,0
0,428
1450,57
1450,56
1450,55
1450,54
1450,53
1450,52
1450,51
1450,50
1450,49
1450,48
1450,47
1450,46
1450,45
1450,44
1450,43
1450,42
1450,41
1450,40
1450,39
1450,38
1450,37
1450,36
1450,35
1454,5
1454,4
1454,3
1454,2
1454,1
1454,0
1453,4
1453,3
1453,2
1453,1
1453,0
1452,4
1452,3
1452,2
1452,1
1452,0
1451,4
1451,3
1451,2
1451,1
1451,0
0,278
0,9
3,2
3,1
3,3
10,32
10,102
10,92
10,10
10,104
10,186
10,192
10,3
9,4
9,6
8,8
8,15
8,12
8,5
1446,3
1446,2
1446,1
1446,0
1440,5
1440,4
1440,3
1440,2
1440,1
1440,0
1439,4
1439,3
1439,2
1439,1
1439,0
1438,4
1438,3
1438,2
1438,1
1438,0
1437,4
1437,3
1437,2
1437,1
1437,0
1436,3
1436,2
1436,1
1436,0
20,3
20,2
20,1
19,3
19,2
19,1
12,3
12,2
12,1
11,30
11,29
11,28
11,27
11,26
11,25
11,24
11,23
11,22
11,21
11,20
11,19
11,18
11,17
11,16
11,15
11,14
11,13
11,12
11,11
11,10
11,9
11,8
11,7
11,6
11,5
